mapSize: [21, 21],
map: [
  [ Tree, -32.000, -0.000, -32.000 ],
  [ Tree, -32.000, -0.000, -28.000 ],
  [ Tree, -28.000, 0.000, -28.000 ],
  [ T-34, -4.000, 0.000, -28.000 ],
  [ T-34, -0.000, 0.000, -28.000 ],
  [ T-34, 4.000, 0.000, -28.000 ],
  [ Tree, -28.000, 0.000, -24.000 ],
  [ Tree, -28.000, 0.000, -20.000 ],
  [ BrokenHouse, 16.000, 0.000, -20.000 ],
  [ BrickHouse, 28.000, 0.000, -20.000 ],
  [ Tree, -28.000, 0.000, -16.000 ],
  [ Tree, -24.000, 0.000, -16.000 ],
  [ Tree, -20.000, 0.000, -16.000 ],
  [ Tree, -16.000, 0.000, -16.000 ],
  [ Tree, -12.000, -0.000, -16.000 ],
  [ BrickHouse, 24.000, -0.000, -16.000 ],
  [ BrickHouse, 28.000, -0.000, -16.000 ],
  [ BrokenHouse, -20.000, -0.000, -12.000 ],
  [ Warehouse, -0.000, 0.000, -12.000 ],
  [ Warehouse, 4.000, 0.000, -12.000 ],
  [ Warehouse, 8.000, 0.000, -12.000 ],
  [ Warehouse, 12.000, 0.000, -12.000 ],
  [ BrickHouse, 24.000, 0.000, -12.000 ],
  [ T-34, -36.000, -0.000, -8.000 ],
  [ T-34, -28.000, 0.000, -8.000 ],
  [ BrickHouse, 24.000, 0.000, -8.000 ],
  [ Tree, -12.000, 0.000, -4.000 ],
  [ Tree, -8.000, 0.000, -4.000 ],
  [ BrickHouse, 24.000, -0.000, -4.000 ],
  [ BrickHouse, -20.000, 0.000, -0.000 ],
  [ BrickHouse, -16.000, 0.000, -0.000 ],
  [ Tree, -8.000, 0.000, -0.000 ],
  [ BrickHouse, 20.000, 0.000, -0.000 ],
  [ Tree, -20.000, 0.000, 4.000 ],
  [ Tree, -16.000, 0.000, 4.000 ],
  [ Tree, -8.000, 0.000, 4.000 ],
  [ Tree, -4.000, -0.000, 4.000 ],
  [ Warehouse, 8.000, 0.000, 4.000 ],
  [ Warehouse, 12.000, 0.000, 4.000 ],
  [ Tree, -16.000, 0.000, 8.000 ],
  [ Tree, -12.000, -0.000, 8.000 ],
  [ Tree, -4.000, 0.000, 8.000 ],
  [ Tree, -0.000, 0.000, 8.000 ],
  [ T-34, 20.000, 0.000, 8.000 ],
  [ Tree, -12.000, 0.000, 12.000 ],
  [ Tree, -0.000, 0.000, 12.000 ],
  [ Tree, 4.000, 0.000, 12.000 ],
  [ BrokenHouse, 12.000, 0.000, 12.000 ],
  [ BrokenHouse, -20.000, 0.000, 16.000 ],
  [ Tree, 4.000, 0.000, 16.000 ],
  [ Tree, 8.000, 0.000, 16.000 ],
  [ Tiger-I, -4.000, 0.000, 20.000 ],
  [ Tree, 8.000, 0.000, 20.000 ],
],
groundMap: [
  0, 2, 2, 2, 2, 0, 0, 0, 0, 0, 0, 0, 0, 0, 0, 0, 0, 0, 0, 0, 0, 
  1, 0, 0, 2, 0, 0, 0, 0, 0, 0, 0, 0, 0, 0, 0, 0, 0, 0, 0, 0, 0, 
  0, 0, 0, 0, 0, 0, 0, 0, 0, 0, 0, 0, 0, 0, 0, 0, 0, 0, 0, 0, 0, 
  0, 0, 0, 0, 0, 0, 0, 0, 0, 0, 0, 1, 0, 0, 0, 0, 0, 0, 0, 0, 0, 
  0, 0, 0, 0, 0, 0, 0, 0, 0, 0, 0, 1, 0, 0, 0, 0, 0, 0, 0, 0, 0, 
  0, 0, 0, 0, 0, 0, 0, 0, 0, 0, 0, 1, 0, 0, 0, 0, 0, 0, 0, 0, 0, 
  0, 0, 0, 0, 0, 0, 0, 0, 0, 0, 0, 1, 0, 0, 0, 0, 0, 0, 0, 0, 0, 
  0, 0, 0, 0, 0, 0, 0, 0, 0, 0, 0, 1, 0, 0, 0, 0, 0, 0, 0, 0, 0, 
  0, 0, 0, 0, 0, 0, 0, 0, 0, 0, 0, 1, 0, 0, 0, 0, 0, 0, 0, 0, 0, 
  0, 0, 0, 0, 0, 0, 0, 0, 1, 1, 1, 1, 1, 1, 1, 0, 0, 0, 0, 0, 0, 
  0, 0, 0, 0, 0, 0, 0, 0, 0, 0, 0, 1, 0, 0, 0, 0, 0, 0, 0, 0, 0, 
  0, 0, 0, 0, 0, 0, 0, 0, 0, 0, 0, 0, 0, 0, 0, 0, 0, 0, 0, 0, 0, 
  0, 0, 0, 0, 0, 0, 0, 0, 0, 0, 0, 0, 0, 0, 0, 0, 0, 0, 0, 0, 0, 
  0, 0, 0, 0, 0, 0, 0, 0, 0, 0, 0, 0, 0, 0, 0, 0, 0, 0, 0, 0, 0, 
  0, 0, 0, 0, 0, 0, 0, 0, 0, 0, 0, 0, 0, 0, 0, 0, 0, 0, 0, 0, 0, 
  0, 0, 0, 0, 0, 0, 0, 0, 0, 0, 0, 0, 0, 0, 0, 0, 0, 0, 0, 0, 0, 
  0, 0, 0, 0, 0, 0, 0, 0, 0, 0, 0, 0, 0, 0, 0, 0, 0, 0, 0, 0, 0, 
  0, 0, 0, 0, 0, 0, 0, 0, 0, 0, 0, 0, 0, 0, 0, 0, 0, 0, 0, 0, 0, 
  0, 0, 0, 0, 0, 0, 0, 0, 0, 0, 0, 0, 0, 0, 0, 0, 0, 0, 0, 0, 0, 
  0, 0, 0, 0, 0, 0, 0, 0, 0, 0, 0, 0, 0, 0, 0, 0, 0, 0, 0, 0, 0, 
  0, 0, 0, 0, 0, 0, 0, 0, 0, 0, 0, 0, 0, 0, 0, 0, 0, 0, 0, 0, 0, 
]
